[5.656875552349426, 4.123076398180292, -0.7799517494252901]
[4.086457299311152, 5.683385148035158, -0.7698426789218644]
[6.032983109172116, 3.5500865911191433, -0.5830697078045388]
[3.510785219550166, 6.055938171925808, -0.5667233263174156]
[6.267141700100946, 3.1181621046468737, -0.3853043089486995]
[3.0770664026350247, 6.28742096203004, -0.36448730272490354]
[6.437231630863607, 2.749917986160507, -0.18714907421230437]
[2.7074212360332575, 6.455220387459761, -0.16264108072974545]
[6.568156323529755, 2.420603749000667, 0.011239261715240293]
[2.376947133963667, 6.584080977808665, 0.03897205261568575]
[6.671734938561466, 2.118478914121693, 0.2097867930703984]
[2.073823561622577, 6.685750207363348, 0.2404260342254946]
[6.754701810614826, 1.8368460604189967, 0.40845161563165966]
[1.7913199273993152, 6.766917534424527, 0.4417627279775146]
[6.821326404390659, 1.5714662213241537, 0.6072073302172859]
[1.5251638203520657, 6.83182810974406, 0.6430085679543103]
[6.874523599842431, 1.3194412738767378, 0.806035982994629]
[1.2724398418187266, 6.8833783020368955, 0.8441815060148337]
[6.9163887826119845, 1.0786872613316165, 1.0049247207874212]
[1.0310551450416594, 6.923649708635116, 1.0452943785115092]
[6.948488626901483, 0.8476472154267671, 1.2038639753854494]
[0.7994443147787125, 6.9541993635189945, 1.2463567502518897]
[6.972031423715784, 0.6251222494197959, 1.402846400410085]
[0.5763950363698009, 6.976228835269687, 1.447375997082595]
[6.987973055579955, 0.4101616443410434, 1.6018661904304112]
[0.3609537270149402, 6.990687548943525, 1.6483579126121801]
[6.997084923354003, 0.20199647366253637, 1.8009186628766365]
[0.1523513818772879, 6.998341879076792, 1.8493071602791538]
[6.999999999999922, -1.046161375576215e-06, 1.9999999952428071]
[-0.0500476148644156, 6.999821086016869, 2.050227582661675]
[6.9972455656352786, -0.19635298367335735, 2.19910701007085]
[-0.24677047908773453, 6.995648957076878, 2.251122368028926]
[6.989266098901345, -0.38750406287983497, 2.398237007715935]
[-0.4382617561952472, 6.986267002702992, 2.4519942049959687]
[6.976440399348705, -0.5738286803003756, 2.597387706619823]
[-0.6248982411282978, 6.9720515049901035, 2.6528453776959466]
[6.959094270576576, -0.7556500070987113, 2.7965571358028805]
[-0.8070028422879537, 6.953326284055651, 2.853677849055784]
[6.937509652733472, -0.9332522800560972, 2.9957435631920983]
[-0.9848646698084662, 6.9303709555956, 3.0544933678649215]
[6.911933204226348, -1.1068782138579132, 3.1949454956210883]
[-1.1587235073211568, 6.903431018963061, 3.255293409292684]
[6.882581502729801, -1.276742675045208, 3.394161607158097]
[-1.3287990126051688, 6.872720944727752, 3.4560793176466005]
[6.84964570225905, -1.4430362966759127, 3.5933907152153464]
[-1.4952813858036322, 6.838430637015277, 3.6568522706828235]
[6.813295749337455, -1.605926845177003, 3.7926317686036994]
[-1.6583404948345368, 6.8007284023986685, 3.8576133271922393]
[6.773682663476494, -1.7655659643632626, 3.9918838116966673]
[-1.818127473590674, 6.759764233297992, 4.0583634388969925]
[6.73094170773083, -1.9220883765138326, 4.1911459844304115]
[-1.9747765257528576, 6.715672540657077, 4.2591034623470145]
[6.685195407358461, -2.07561132330534, 4.390417522303739]
[-2.128409371796714, 6.668573576564025, 4.459834182713072]
[6.636551412430928, -2.226249166234779, 4.589697684706124]
[-2.2791322662410356, 6.61857659266545, 4.660556301890249]
[6.5851098099698, -2.3740953625832946, 4.788985838535018]
[-2.427048020783975, 6.56577778369087, 4.861270497980574]
[6.530959451567614, -2.5192396952214886, 4.988281374578532]
[-2.572243238273009, 6.510266102330901, 5.061977365810385]
[6.474180885213452, -2.6617629243673733, 5.187583731406107]
[-2.714797978726339, 6.452121506504925, 5.262677464516441]
[6.414846731797329, -2.8017389970425723, 5.386892383423174]
[-2.8547878568942537, 6.391415046148162, 5.4633713294424515]
[6.3530238992472325, -2.939232439871588, 5.5862068528164865]
[-2.9922742484661073, 6.3282141890083485, 5.664059424552964]
[6.288773750571991, -3.074300687004557, 5.785526697608798]
[-3.1273185473153267, 6.262577640526108, 5.864742213812515]
[6.222149511435941, -3.2070010067565438, 5.984851475822852]
[-3.2599770919246507, 6.194558043971054, 6.065420137392606]
[6.153201524520471, -3.3373808590927942, 6.184180793262728]
[-3.3902987169152694, 6.124203998078663, 6.266093599775143]
[6.081973253807881, -3.465487172096527, 6.383514255732496]
[-3.518324773623752, 6.051561020704111, 6.466762969752458]
[6.008506886609947, -3.5913569849794724, 6.582851516817554]
[-3.644095906001495, 5.976668388647905, 6.667428616116884]
[5.9328375027697255, -3.715028824347004, 6.782192218157972]
[-3.767651744243956, 5.899559333890581, 6.868090907660749]
[5.854998785362955, -3.8365334904570196, 6.981536037229805]
[-3.8890197339510046, 5.82026850831984, 7.068750153693752]
[5.775019427954472, -3.9559007326711826, 7.180882651509119]
[-4.00823062720119, 5.738822809528655, 7.269406687318642]
[5.69292482923181, -4.073156870133528, 7.380231750417302]
[-4.125309481637759, 5.655247269634601, 7.470060817845118]
[5.6087390483676565, -4.188322610224274, 7.579583047266407]
[-4.240277820293016, 5.569564076903247, 7.670712842686349]
[5.522482162130117, -4.301417297700222, 7.778936255368487]
[-4.353155625554383, 5.481791322159594, 7.871363059255505]
[5.434168756246171, -4.41246075661166, 7.978291076090269]
[-4.463957104280554, 5.391946491865732, 8.072011741172702]
[5.343816353860401, -4.521462902226903, 8.177647258579793]
[-4.572698755992268, 5.300040196729339, 8.272659185851115]
[5.251434218466979, -4.628438035570327, 8.377004516149118]
[-4.679389115077357, 5.206084662171328, 8.473305655014325]
[5.157031774839002, -4.733394476831705, 8.576362586000958]
[-4.784038649603164, 5.110085537356801, 8.673951434178981]
[5.060615520540981, -4.836338548246983, 8.775721205338026]
[-4.886647994290326, 5.012052611445569, 8.874596761275619]
[4.962191021063909, -4.937272553796552, 8.975080123308377]
[-4.9872250480392974, 4.911983949506496, 9.075241933717411]
[4.861759460379348, -5.036198462075528, 9.174439077114716]
[-5.085767702355383, 4.809882210374682, 9.275887201331415]
[4.759319525448309, -5.1331157842665585, 9.373797803959771]
[-5.182274998607618, 4.705743919807622, 9.476532837737746]
[4.654865594792067, -5.228023172712712, 9.573156029100911]
[-5.27674315303616, 4.599563207184569, 9.67717911655653]
[4.5483977019184465, -5.320909541157695, 9.772513525576862]
[-5.3691620470186745, 4.491335983073883, 9.877826287614823]
[4.439902073130449, -5.4117713903131515, 9.971869994754332]
[-5.45952367614219, 4.3810502427663245, 10.07847463642927]
[4.329370907942651, -5.500595198836198, 10.171225185781378]
[-5.5478166020267965, 4.268691948393074, 10.279124448516514]
[4.216788540960693, -5.587369184224592, 10.370578811970045]
[-5.634024246655325, 4.154247319081989, 10.479775997496672]
[4.102143898536984, -5.672073292517983, 10.569930622468384]
[-5.718127977261178, 4.037698903541841, 10.680429568886389]
[3.9854117178559996, -5.754693166379602, 10.769280294752463]
[-5.800108208169097, 3.9190234464123166, 10.881085471995357]
[3.866575900527831, -5.835202721881854, 10.968627566024985]
[-5.87994096316493, 3.798196186309375, 11.081744016133275]
[3.7456082817423795, -5.913579169990277, 11.167972113762012]
[-5.957597714275997, 3.675191080046507, 11.282405510609847]
[3.622481594863258, -5.989793576983847, 11.367313627384942]
[-6.033047875804704, 3.549976525027785, 11.483070288527813]
[3.4971630244166603, -6.063814870249002, 11.566651772424503]
[-6.106256891189734, 3.422517608252424, 11.683738694886454]
[3.369618783083907, -6.1356066738903765, 11.76598621441142]
[-6.177185817962988, 3.2927762405539998, 11.884411086581576]
[3.2398120508324046, -6.205128352845018, 11.965316606931093]
[-6.245793264112896, 3.160706645983139, 12.085087856198566]
[3.107696065903069, -6.272338093723151, 12.164642555787598]
[-6.31203105496256, 3.026262374809599, 12.285769396322806]
[2.9732234501718695, -6.33718725582163, 12.363963666785004]
[-6.375847261482453, 2.889389502688537, 12.486456135229256]
[2.836341754878308, -6.399622289599116, 12.563279521836723]
[-6.437182125973678, 2.7500338683450782, 12.687148501192894]
[2.6969936008321245, -6.459584004955007, 12.762589678965508]
[-6.4959736749012675, 2.6081269169635353, 12.887846993867825]
[2.5551144193562876, -6.517007772283042, 12.961893660358111]
[-6.552151261132846, 2.463597745419339, 13.088552124804727]
[2.4106325859452244, -6.571822466833613, 13.161190952365299]
[-6.605635864065435, 2.316371047861827, 13.289264429347288]
[2.2634696229066535, -6.623949370743922, 13.360481005501839]
[-6.656342468504285, 2.1663575286610195, 13.489984514218376]
[2.1135379722770784, -6.673301824415175, 13.559763222501171]
[-6.704175775412869, 2.0134614901624643, 13.690713021830451]
[1.9607463103325973, -6.719782281184198, 13.759036982206084]
[-6.749029642401128, 1.8575787697944073, 13.891450642182056]
[1.8049848583494452, -6.763285419167908, 13.958301567896708]
[-6.790787388287738, 1.698589605252606, 14.092198148547439]
[1.6461357599324125, -6.803692898703743, 14.157556215071857]
[-6.829318641661479, 1.5363615754941935, 14.292956385579998]
[1.484071154030195, -6.8408722258039205, 14.35680009950368]
[-6.864476946724482, 1.3707502500047697, 14.493726269312308]
[1.3186435732763007, -6.874676656153154, 14.556032289456354]
[-6.896099051863797, 1.2015897248575438, 14.694508834742187]
[1.1496892021548644, -6.904941327661555, 14.755251757631406]
[-6.924000606892832, 1.0286960657782689, 14.89530522393622]
[0.9770236711102251, -6.931480703723433, 14.95445735727704]
[-6.9479736388609235, 0.8518581535054381, 15.096116733615823]
[0.8004380400999704, -6.954085054409452, 15.153647798297506]
[-6.96778145254679, 0.670836514767158, 15.296944827053796]
[0.6196950737904302, -6.9725159028517005, 15.35282162336241]
[-6.983152807413066, 0.485362615287805, 15.497791145970835]
[0.43452330632815556, -6.986500518589951, 15.551977172070725]
[-6.993776195831595, 0.29511781142340604, 15.698657617604287]
[0.24461163844793735, -6.995724776342749, 15.751112545114808]
[-6.999289363790659, 0.09974167597825283, 15.89954643091508]
[0.04959942287189618, -6.999824276169423, 15.950225544553732]
[-6.999268537583796, -0.10119258268066869, 16.100460167449537]
[-0.1509403274643277, -6.998372454902994, 16.14931357825065]
[-6.993212423152177, -0.3081882617330819, 16.30140187271851]
[-0.3575084039530763, -6.990864591815731, 16.348373600146132]
[-6.980520627991395, -0.5218541579662019, 16.5023752227488]
[-0.5707057931793482, -6.976696560524295, 16.547401954968855]
[-6.960464766742931, -0.7429200703509609, 16.703384643048352]
[-0.7912596151828721, -6.955135384834766, 16.746394211000997]
[-6.932146357325079, -0.9722895045327986, 16.904435617916057]
[-1.0200679674380784, -6.925276986648747, 16.94534488533555]
[-6.8944350869875635, -1.2111006693561004, 17.1055350711305]
[-1.2582634868777651, -6.8859838075318045, 17.14424704968051]
[-6.845875633861985, -1.4608171705229809, 17.306691936983306]
[-1.5073013545322238, -6.835791294841097, 17.343091768928183]
[-6.784538766288637, -1.7233785796297498, 17.507918100104753]
[-1.7691097663612005, -6.772757978443155, 17.541867157474137]
[-6.707767583093676, -2.001462977723451, 17.70923002528796]
[-2.046344734402938, -6.694211919858929, 17.740556778542768]
[-6.611728596233178, -2.2989225671501994, 17.91065152937959]
[-2.3428429786463996, -6.59629341201612, 17.939136777307866]
[-6.49049916861188, -2.6217209123490806, 18.11221964626758]
[-2.6645256195483293, -6.473044355075175, 18.137570147133665]
[-6.334009054357256, -2.9799881374462402, 18.313997653578028]
[-3.0214639933767877, -6.314329365556376, 18.33579358971066]
[-6.122205179610593, -3.3939068547544466, 18.516112356390163]
[-3.433710636653114, -6.099969775641128, 18.53368031729451]
[-5.800568601191768, -3.918341983909544, 18.71891078828747]
[-3.9557841434336454, -5.775099290103932, 18.73088329412601]
